 Computing Mutual Information Scores
,Occupation_Satisfaction,Avg_monthly_expense_when_under_age_21,Avg_lottary_expanses,Age_group,Avg_monthly_expense_on_pets_or_plants,Looking_at_poles_results,Avg_environmental_importance,Married,Gender,Voting_Time,Financial_balance_score_(0-1),%Of_Household_Income,Yearly_IncomeK,Avg_size_per_room,Garden_sqr_meter_per_person_in_residancy_area,Avg_Residancy_Altitude,Yearly_ExpensesK,%Time_invested_in_work,Avg_education_importance,Avg_Satisfaction_with_previous_vote,Avg_monthly_household_cost,Will_vote_only_large_party,Phone_minutes_10_years,Avg_government_satisfaction,Weighted_education_rank,%_satisfaction_financial_policy,Avg_monthly_income_all_years,Last_school_grades,Most_Important_Issue,Number_of_differnt_parties_voted_for,Political_interest_Total_Score,Number_of_valued_Kneset_members,Main_transportation,Occupation,Financial_agenda_matters,Num_of_kids_born_last_10_years,Overall_happiness_score
Occupation_Satisfaction,0.0,0.006765430256179483,0.0,0.0007531073102398506,0.0161942590022075,0.0010790838422473914,0.0,0.0017620832414647347,6.163666402270174e-07,0.0008660081090502425,0.0038595846168278936,0.0,0.3208524708036318,0.002853514453953876,0.0,0.0030106231950604023,0.0,0.02620050563357501,0.0060232696359545645,0.0038451821520055773,0.0008153272478879092,0.000656991490249656,0.0,0.0,0.003132907498294424,0.0002177142371404539,0.01621143566965677,0.010139784390547118,0.0036082151586907495,0.019880185364797767,0.0,0.007448580072035058,0.00042465473625911965,0.0026430659495438463,0.00031224173337382477,0.01054899831128002,0.007387497450159319
Avg_monthly_expense_when_under_age_21,0.0041416864232157735,0.0,0.7979364134300813,0.006912613070586993,4.686460297016717,0.0,0.02161506365442145,0.0013698102524459799,0.0,0.006110419818137203,0.0,0.0,0.03358275281674761,0.030297112629794842,0.0,0.033303150353845457,0.01081285512208252,0.0,0.03142968923613587,0.03072044196338508,0.0,0.0007791369320648833,0.051950766578325425,0.0,0.04410943479372964,0.0,5.50676569389795,0.0035424523151066367,0.0,0.007784392004820173,0.10446619287192593,0.0,0.0,0.026454698608731952,0.0,0.002019500976082167,0.0
Avg_lottary_expanses,0.011086816676079359,0.7979364134300817,0.0,0.009796314170018583,0.7365065132078645,0.003714384639438073,0.19744588641030436,0.10535263021362495,0.0,0.0,0.0,0.0,0.0,0.18321804229338357,0.0,0.3193061449928414,0.0,0.0076767338225289805,0.17591635534444272,0.09111853037137418,0.24941473883109033,0.008698744389117774,0.34724451314300264,0.0,0.3596925877956396,0.010264642213382302,0.7898455638870603,0.01082133459162149,0.014476729234853991,0.0,0.17672299615657217,0.0,0.0,0.02322227029132895,0.0,0.010988997505974485,0.2133945256199361
Age_group,0.025298038566023154,0.006912613070586993,0.009796314170018583,0.0,0.0,0.002315571638564773,0.0,0.0004222662958091872,0.0009300068496994607,0.0008410726315742356,0.00860131679681242,0.0,1.0184557309509903,0.02839126578908413,0.02258138088478656,0.013425305369289653,0.001399961736625599,0.0,0.0167490190922015,0.01739077349278384,0.0,0.003091357304582071,0.007805394161646273,0.012388911554537696,0.014781386757515058,0.007035670502279601,0.00763815914790289,0.022795594021808294,0.009740504434373305,0.03537597252502517,0.0,0.02203678956510807,0.001948601661327154,0.0013671395691612909,0.000618232947227404,0.02192605199820029,0.009133084061115238
Avg_monthly_expense_on_pets_or_plants,0.004535321154770955,4.686460297016717,0.736506513207865,0.0,0.0,0.000786886054431557,0.01793897043787318,0.0002932274172722238,0.0,0.009819988495933574,0.0,0.0,0.01808601216803485,0.040428067996565176,0.0,0.020036546944708356,0.008197710169842054,0.0,0.05032975564353581,0.02137029667583601,0.0,0.006552991365776695,0.0623086588545112,0.0,0.06332128679747928,0.0,4.7087084514239255,0.0,0.0,0.022009790733577894,0.06095967760986554,0.0,0.0,0.01493836709348706,0.0,0.021717676614357195,0.0
Looking_at_poles_results,0.01930841345339324,0.0,0.003714384639438073,0.002315571638564773,0.000786886054431557,0.0,0.0,0.0014846312609856915,0.0006402418362654871,1.1333523337875295e-05,0.0,0.0,0.6329940616142402,0.0,0.00479108422554142,0.017177496935638414,0.009045209984543723,0.0,0.0,0.0,0.0,0.00036875636541128243,0.012286096566142213,0.0,0.010190375620421355,0.0,0.00989962747967299,0.008183913164376777,0.0012498682745063563,0.0193735667604814,0.0,0.008564211509238388,0.00208030880662069,0.00305654269012387,0.0006514298129721152,0.014105497593262798,0.0
Avg_environmental_importance,0.02680995121347074,0.02161506365442145,0.1974458864103048,0.0,0.017938970437873625,0.0,0.0,0.29137474710436395,0.03432567172255929,0.0,0.0,0.021777527482573777,0.08020407388469675,1.5230019531906782,0.0,0.9841742873488384,0.037456552403098975,0.0,1.5095999561647493,0.3725471424714568,2.417134562481916,0.0,0.8544354698916505,0.01743706378779386,0.8467307764440646,0.012456595609076526,0.021468307089150596,0.11769094390239321,0.11337087027023962,0.08422916641852707,1.208688544742318,0.007176345341627588,0.0,0.002995325973951246,0.01631873019273966,0.0,1.072384070812805
Married,0.014673669253301356,0.0013698102524459799,0.10535263021362495,0.0004222662958091872,0.0002932274172722238,0.0014846312609856915,0.29137474710436395,0.0,0.0002735910160663324,0.00010619168175196592,0.027422487654387595,0.0,0.5804063741102389,0.23296228935555985,0.004802898597422889,0.583946649120452,0.0,0.0,0.23568725285144465,0.08489046221167795,0.298081420668147,0.00024983495916955367,0.6236092439873723,0.011417712969148619,0.6290270912426827,0.0008535736527883753,0.0008236678989275159,0.025206213616147992,0.017461423043006796,0.023300148047023003,0.06763619200797799,0.011996084444873042,0.0017071744297804947,0.007314100157072567,0.0006239211047029958,0.01095722321031006,0.19480175507363784
Gender,0.015196883410152445,0.0,0.0,0.0009300068496994607,0.0,0.0006402418362654871,0.03432567172255929,0.0002735910160663324,0.0,7.576574387102575e-06,0.009790956437844223,0.012806037190425279,0.6385404522245035,0.0,0.0,0.0,0.007006957103845135,0.010525113947001952,0.0,0.0,0.0,0.0011510757991045062,0.0,0.0,0.0,0.0,0.0,0.007891017838786884,0.0008495367747311175,0.02060850814678153,0.0,0.012941932210450487,0.0009205440582726876,0.0008981760093847435,1.981601950068468e-05,0.011112182711921662,0.0005783065876943105
Voting_Time,0.012394161995556374,0.006110419818137203,0.0,0.0008410726315742356,0.009819988495933574,1.1333523337875295e-05,0.0,0.00010619168175196592,7.576574387102575e-06,0.0,0.0,0.0,0.6387362416569622,0.004063510088719635,0.005542412150709941,0.0,0.0005976097309075001,0.0,0.010806627205521169,0.0,0.020535874042275637,0.0010890844395093358,0.0,0.023613422474235923,0.0,0.0,0.007009429610374429,0.013769268168370367,0.004461913260483515,0.017952259652969697,0.0,0.009890223751198808,0.00024021038934637917,0.004002572626423562,0.00017840854427531028,0.01018485193589688,0.0
Financial_balance_score_(0-1),0.03755664615984999,0.0,0.0,0.00860131679681242,0.0,0.0,0.0,0.027422487654387595,0.009790956437844223,0.0,0.0,0.0,0.010027682704028429,0.014812458366883163,0.0,0.010931613710386756,0.020696363878082824,0.0,0.022577892221756102,0.013525746846798192,0.0,0.0,0.02614965346892273,0.0,0.02369831059500127,0.0,0.0,0.01601140633417586,0.0030102956479294285,0.0,0.0,0.0,0.0,0.0,0.0046723862588955445,0.0,0.0029024566059319135
%Of_Household_Income,0.0,0.0,0.0,0.0,0.0,0.0,0.021777527482573777,0.0,0.012806037190425279,0.0,0.0,0.0,0.002797017981051475,0.027667727354617533,0.0,0.0,0.0,0.0,0.018885946324999292,0.0066148847557983,0.034740424105681456,0.0,0.0,0.006990371370092507,0.0,0.0,0.0,0.0,0.0,0.0,0.0017579686179924892,0.0,0.0,0.012023244038912306,0.0,0.0,0.014630289732764812
Yearly_IncomeK,-8.326672684688674e-17,0.0,0.0,-3.3306690738754696e-16,0.0,-4.996003610813204e-16,0.0,-8.881784197001252e-16,-8.881784197001252e-16,-4.440892098500626e-16,0.0,0.0,0.0,0.0,0.0,0.0,0.0,0.0,0.0,0.0,0.0,-2.7755575615628914e-16,0.0,0.0,0.0,0.0,0.0,-2.3592239273284576e-16,-5.273559366969494e-16,-1.249000902703301e-16,0.0,-1.3877787807814457e-16,2.220446049250313e-16,-6.661338147750939e-16,3.885780586188048e-16,-4.787836793695988e-16,0.0
Avg_size_per_room,0.01514057391095891,0.030297112629794842,0.18321804229338357,0.02839126578908413,0.04042806799656473,0.0,1.5230019531906787,0.23296228935555985,0.0,0.004063510088719635,0.014812458366883163,0.027667727354617533,0.11872570104667934,0.0,0.0,0.8183612534492499,0.0,0.03777367830288547,5.2675558497482085,0.2621043358756441,1.7810833230089695,0.0,0.682021897707505,0.009717799426846696,0.6999169696569525,0.0,0.02704971098974207,0.06107638869505605,0.07497839112163529,0.09136991654869897,0.9503497423184597,0.04424068833022021,0.0,0.004594165973955899,0.0,0.013890336479815968,0.7109380796679137
Garden_sqr_meter_per_person_in_residancy_area,0.0,0.0,0.0,0.02258138088478656,0.0,0.00479108422554142,0.0,0.004802898597422889,0.0,0.005542412150709941,0.0,0.0,0.0,0.0,0.0,0.014261107815957352,0.0,0.0017122279861014889,0.0,0.005606019765463266,0.0058772601391670065,0.009144213642660937,0.005616465166310647,0.0,0.011323680040222772,0.0,0.0,0.0,0.0,0.004425424964069613,0.002633881648119285,0.009763987373855976,0.011293670542129597,0.0,0.012824396645309877,0.00977846682760708,0.0
Avg_Residancy_Altitude,0.017835378196638718,0.033303150353845457,0.3193061449928418,0.013425305369289653,0.020036546944708356,0.017177496935638414,0.9841742873488379,0.583946649120452,0.0,0.0,0.010931613710386756,0.0,0.0,0.818361253449249,0.014261107815957352,0.0,0.002595200342913717,0.031110672056176902,0.8161636442843112,0.27712240500560625,1.0434087554583087,0.0,2.533267405022548,0.0,2.6065257378688926,0.0,0.030768577125319663,0.09121324493459593,0.0995078764062236,0.11004405107196158,1.3324074736470086,0.0,0.021910666649141763,0.0024061565753332737,0.0,0.02679750659519131,0.7376571645850398
Yearly_ExpensesK,0.0,0.01081285512208252,0.0,0.001399961736625599,0.00819771016984161,0.009045209984543723,0.03745655240309853,0.0,0.007006957103845135,0.0005976097309075001,0.020696363878082824,0.0,0.1573116905128149,0.0,0.0,0.002595200342913717,0.0,0.0,0.0,0.014420473044465254,0.0,0.004598403383774929,0.0,0.0,0.0,0.0,0.013377109274641974,0.0,0.0,0.0,0.0,0.0,0.0,0.0,0.00844871954463322,0.03382005279702227,0.02279499840080934
%Time_invested_in_work,0.03372032378077261,0.0,0.0076767338225289805,0.0,0.0,0.0,0.0,0.0,0.010525113947001952,0.0,0.0,0.0,0.0,0.03777367830288547,0.0017122279861014889,0.031110672056176902,0.0,0.0,0.022559070110995894,0.0,0.009335706145410683,0.00035431401202368207,0.04674344315925438,0.0,0.05335930106592013,0.02672953487210039,0.0,0.0,0.0,0.0,0.012803527426008099,0.001548392302880064,0.0031795485118006894,0.0,0.0,0.0,0.0023214876391652872
Avg_education_importance,0.028056270673467498,0.03142968923613587,0.17591635534444228,0.0167490190922015,0.050329755643536256,0.0,1.5095999561647488,0.23568725285144465,0.0,0.010806627205521169,0.022577892221756102,0.018885946324999292,0.10691948541672769,5.267555849748208,0.0,0.8161636442843121,0.0,0.022559070110995894,0.0,0.27742666664026805,1.765402954068918,0.0,0.6891296162430818,0.0205403701790563,0.7021604978816387,0.0,0.026837383696710404,0.06266488776414514,0.06940396195150766,0.08497819179698451,0.9325033424467093,0.044450893414796244,0.0,0.0,0.0,0.009852276956987982,0.703498220512039
Avg_Satisfaction_with_previous_vote,0.013438263951977891,0.030450490695427046,0.0908357092973806,0.016022247982347082,0.021935192160164707,0.0007634720716136467,0.3723793091026941,0.08458889580567397,0.0,0.0,0.013636269734903284,0.0067438125908387825,1.4551973168967103,0.26226270206466795,0.0054364418288961325,0.2769943584400538,0.014387050572121751,0.0,0.27754742669612353,0.0,0.34258069117058065,0.025203152832427467,0.2795615084836216,0.037957073925715346,0.2839101014017742,0.0,0.03348182412800238,0.05029139085380496,0.05417289024343219,0.08321306855195987,0.35359942636777486,0.0,0.0,0.012964851026533886,0.0041972006857304844,0.027187960346118256,0.29724481598187236
Avg_monthly_household_cost,0.055545251565683795,0.0,0.2494147388310899,0.0,0.0,0.0,2.4171345624819156,0.298081420668147,0.0,0.020535874042275637,0.0,0.034740424105681456,0.05623297111019987,1.781083323008969,0.0058772601391670065,1.0434087554583091,0.0,0.009335706145410683,1.765402954068918,0.34259091026270294,0.0,0.0,0.890593699633631,0.02913564254366463,0.8791327426266506,0.01741711468030216,0.0,0.08699124669642666,0.08810971170233195,0.08832810778146394,1.2357197107695335,0.01489640249587909,0.0,0.010090751451373503,0.0,0.0,0.9022168084846562
Will_vote_only_large_party,0.02493690438174686,0.0007791369320648833,0.008698744389117774,0.003091357304582071,0.006552991365776695,0.00036875636541128243,0.0,0.00024983495916955367,0.0011510757991045062,0.0010890844395093358,0.0,0.0,1.0199069678197843,0.0,0.009144213642660937,0.0,0.004598403383774929,0.00035431401202368207,0.0,0.02649584128260818,0.0,0.0,0.0,0.012521707000562099,0.0,0.0,0.002753123332456031,0.018536411299506277,0.006257442219535156,0.030844398336600853,0.020215495793205474,0.015832501922217208,0.001858782000222936,0.0006572715590975331,4.3412624201544237e-05,0.019809409087241336,0.002508972568629364
Phone_minutes_10_years,0.024455955613941427,0.05195076657832587,0.3472445131430031,0.007805394161646273,0.062308658854511645,0.012286096566142213,0.854435469891651,0.6236092439873723,0.0,0.0,0.02614965346892273,0.0,0.0,0.682021897707505,0.005616465166310647,2.5332674050225488,0.0,0.04674344315925438,0.6891296162430818,0.2792718840170121,0.8905936996336306,0.0,0.0,0.0,5.0325257799111425,0.027639245899615084,0.054329959049532306,0.08911980185128865,0.09278047117021515,0.08519248093379783,1.1148621597355235,0.0,0.022508519744308675,0.0,0.0,0.04785733355803812,0.7186190855936734
Avg_government_satisfaction,0.028558606026199307,0.0,0.0,0.012388911554537696,0.0,0.0,0.01743706378779386,0.011417712969148619,0.0,0.023613422474235923,0.0,0.006990371370092507,0.027483038058100817,0.009717799426846696,0.0,0.0,0.0,0.0,0.0205403701790563,0.037939946639965694,0.02913564254366463,0.012521707000562099,0.0,0.0,0.0,0.0,0.0,0.0028766682729370885,0.00415018958181701,0.0,0.04201235671038228,0.050707989119576524,0.08404075795654276,0.0,0.005864617127442573,0.0,0.014380264568548018
Weighted_education_rank,0.027497646462517622,0.04410943479372964,0.35969258779564006,0.014781386757515058,0.06332128679747884,0.010190375620421355,0.8467307764440646,0.6290270912426827,0.0,0.0,0.02369831059500127,0.0,0.0,0.6999169696569529,0.011323680040222772,2.6065257378688926,0.0,0.05335930106592013,0.7021604978816387,0.2836081240900543,0.8791327426266506,0.0,5.0325257799111425,0.0,0.0,0.035263917522477595,0.046713375694931614,0.08774577828358288,0.09165053033120074,0.08889793085819697,1.1468548121797562,0.0,0.01486808976121079,0.0,0.0,0.053808460360761146,0.7180620537049416
%_satisfaction_financial_policy,0.0,0.0,0.010264642213382302,0.007035670502279601,0.0,0.0,0.012456595609076526,0.0008535736527883753,0.0,0.0,0.0,0.0,0.006121569270783667,0.0,0.0,0.0,0.0,0.02672953487210039,0.0,0.0,0.01741711468030216,0.0,0.027639245899615528,0.0,0.035263917522477595,0.0,0.0,0.0,0.0,0.0,0.0218201257092403,0.006113659035069663,0.0,0.0,0.02198360934953092,0.011229832641912463,0.015031353641548506
Avg_monthly_income_all_years,0.0025326978527533406,5.50676569389795,0.7898455638870603,0.00763815914790289,4.7087084514239255,0.00989962747967299,0.021468307089150596,0.0008236678989275159,0.0,0.007009429610374429,0.0,0.0,0.032170979242512665,0.02704971098974207,0.0,0.030768577125319663,0.013377109274641974,0.0,0.026837383696710404,0.03327664958243437,0.0,0.002753123332456031,0.054329959049532306,0.0,0.046713375694931614,0.0,0.0,0.0,0.0,0.005988112251241073,0.10173355131020978,0.0,0.003087239423261501,0.029088990413926208,0.0,0.009347042952529971,0.0
Last_school_grades,0.015279744552950336,0.018193449452255095,0.017318494889942526,0.00016093934328945125,0.020273463802991776,6.664579322715469e-05,0.0,0.002984699754691733,6.024807625448769e-05,0.0003783065556813292,0.004531397120935532,0.0,0.41671089306708536,0.0,0.0,0.0,0.0,0.0,0.0,0.020783198078421883,0.0,0.0029810669598952233,0.0,0.0,0.0,0.0,0.014110680019130184,0.0,0.43053550788576855,0.13046612059377538,0.02169944128678858,0.013121146951929959,0.003053445099438154,0.006034075168501657,0.0015924524268673967,0.009865507884277664,0.0
Most_Important_Issue,0.07215645150627814,0.0,0.014476729234853991,0.009740504434373305,0.0,0.0012498682745063563,0.11337087027023962,0.017461423043006796,0.0008495367747311175,0.004461913260483515,0.0030102956479294285,0.0,1.8072544977787455,0.07497839112163529,0.0,0.0995078764062236,0.0,0.0,0.06940396195150766,0.05580632692464338,0.08810971170233195,0.006257442219535156,0.09278047117021515,0.00415018958181701,0.09165053033120074,0.0,0.0,1.8755649341309968,0.0,0.4478556653464233,0.11153573610728396,0.05032156661028899,0.008755987605059749,0.01924888715190147,0.005067470379035606,0.05263139427474013,0.07703056229442762
Number_of_differnt_parties_voted_for,0.009048456055046429,0.008326159446938597,0.0009754912459492004,0.0010177993618656588,0.007587578489769431,0.0005370525380429467,0.0007125984878206815,0.006051523036757251,0.0003681242462065873,0.0002732984802092178,0.0,0.0011141902511480062,0.10906361963124889,0.004957309887911432,0.0,0.006010088418070492,0.005969877237163468,0.0038080720606366025,0.0022462017358617636,0.006257612866426676,0.0,0.0006209734386381158,0.004486367201842256,0.0,0.005271866892310406,0.0012032325333575233,0.006727475895276891,0.045427078718913355,0.04510638861662221,0.0,0.00953669343306185,0.006188535593055646,0.0013188272025556995,0.0021514799078367914,0.0005095394843759524,0.00502546524572929,0.004662849819424997
Political_interest_Total_Score,0.012942263670922216,0.10446619287192549,0.17672299615657217,0.0,0.06095967760986598,0.0,1.2086885447423188,0.06763619200797799,0.0,0.0,0.0,0.0017579686179924892,0.05921793935253383,0.9503497423184593,0.002633881648119285,1.3324074736470086,0.0,0.012803527426008543,0.9325033424467097,0.35376328743976426,1.2357197107695335,0.020215495793205474,1.114862159735523,0.04201235671038228,1.1468548121797557,0.0218201257092403,0.10173355131020978,0.11392437145152279,0.11153573610728396,0.1179450653627554,0.0,0.03174349190172565,0.0,0.0,0.0,0.0015838650080519656,0.85805203061514
Number_of_valued_Kneset_members,-8.326672684688674e-17,0.0,0.0,-3.3306690738754696e-16,0.0,-4.996003610813204e-16,0.0,-8.881784197001252e-16,-8.881784197001252e-16,-4.440892098500626e-16,0.0,0.0,0.0,0.0,0.0,0.0,0.0,0.0,0.0,0.0,0.0,-2.7755575615628914e-16,0.0,0.0,0.0,0.0,0.0,-2.3592239273284576e-16,-5.273559366969494e-16,-1.249000902703301e-16,0.0,0.0,2.220446049250313e-16,-6.661338147750939e-16,3.885780586188048e-16,-4.787836793695988e-16,0.0
Main_transportation,0.03700875273995179,0.0,0.0,0.001948601661327154,0.0,0.00208030880662069,0.0,0.0017071744297804947,0.0009205440582726876,0.00024021038934637917,0.0,0.0,1.2990752949547246,0.0,0.011293670542129597,0.021910666649141763,0.0,0.0031795485118006894,0.0,0.0,0.0,0.001858782000222936,0.022508519744308675,0.08404075795654276,0.01486808976121079,0.0,0.003087239423261501,0.02598090903014126,0.008755987605059749,0.05118075618333535,0.0,0.02491830797425681,0.0,0.005573652954784694,0.0005053868607515777,0.02770663640316999,0.0
Occupation,0.05217535620370907,0.026454698608731952,0.02322227029132895,0.0013671395691612909,0.01493836709348706,0.00305654269012387,0.002995325973951246,0.007314100157072567,0.0008981760093847435,0.004002572626423562,0.0,0.012023244038912306,1.5130790685496656,0.004594165973955899,0.0,0.0024061565753332737,0.0,0.0,0.0,0.014064408885027024,0.010090751451373503,0.0006572715590975331,0.0,0.0,0.0,0.0,0.029088990413926208,0.03954409298939296,0.01924888715190147,0.05167690901933234,0.0,0.031939493350234854,0.005573652954784694,0.0,0.00061166141841687,0.035285938387670156,0.05432670271490059
Financial_agenda_matters,0.01541604545004879,0.0,0.0,0.000618232947227404,0.0,0.0006514298129721152,0.01631873019273966,0.0006239211047029958,1.981601950068468e-05,0.00017840854427531028,0.0046723862588955445,0.0,0.6226800197277603,0.0,0.012824396645309877,0.0,0.00844871954463322,0.0,0.0,0.0036554979440277524,0.0,4.3412624201544237e-05,0.0,0.005864617127442573,0.0,0.02198360934953092,0.0,0.012071450950491568,0.005067470379035606,0.015959648097510763,0.0,0.00963937725070035,0.0005053868607515777,0.00061166141841687,0.0,0.01337399567548514,0.004369557040470484
Num_of_kids_born_last_10_years,0.002327407117344243,0.0,0.0,0.0010886573311227879,0.0,0.0007365990833197921,0.0,0.00039032275566517824,0.0006876596373104945,0.0007118300064116248,0.0,0.0,0.007907255112231525,0.0,0.0,0.0,0.0,0.0,0.0,0.0,0.0,0.0011787804656406787,0.0,0.0,0.0,0.0,0.0,0.0018289627871457955,0.0018165786883755893,0.002175455509753785,0.0,0.0016842014410662328,0.0013958452104263783,0.0015436191936631606,0.0006467182339607467,0.0,0.0
Overall_happiness_score,0.046002941446612766,0.0,0.2133945256199361,0.009133084061115238,0.0,0.0,1.0723840708128054,0.19480175507363784,0.0005783065876943105,0.0,0.0029024566059319135,0.014630289732764812,0.08753821004871742,0.7109380796679137,0.0,0.7376571645850407,0.02279499840080934,0.0023214876391652872,0.7034982205120395,0.2972321405920635,0.9022168084846567,0.002508972568629364,0.7186190855936729,0.014380264568548018,0.7180620537049416,0.015031353641548506,0.0,0.07315622098937791,0.07703056229442762,0.11178404056260582,0.8580520306151409,0.007658563976099764,0.0,0.05432670271490059,0.004369557040470484,0.018622926883963498,0.0
overall there are 5.0 pairs of strongly corelated features
Features Phone_minutes_10_years and Weighted_education_rank with score 5.0325257799111425
Dropping feature Weighted_education_rank
Features Avg_monthly_expense_when_under_age_21 and Last_school_grades with score 5.50676569389795
Dropping feature Last_school_grades
Features Avg_monthly_expense_when_under_age_21 and Avg_monthly_expense_on_pets_or_plants with score 4.686460297016717
Dropping feature Avg_monthly_expense_on_pets_or_plants
Features Looking_at_poles_results and Number_of_differnt_parties_voted_for with score 4.7087084514239255
Dropping feature Number_of_differnt_parties_voted_for
Features Garden_sqr_meter_per_person_in_residancy_area and Avg_Satisfaction_with_previous_vote with score 5.2675558497482085
Dropping feature Avg_Satisfaction_with_previous_vote
